-0.619261351674477,0.0162440890180066,-0.626068314257812,0.412684609328251,0.494437370927383,-0.449326911457214,0.676005317416991,-0.0677141887076297,-1.47470314829905,1.07591777676338,0.570603899759431,-0.098647303768181,1.20998526508008,-1.0672363426018,0.343291248155954,-0.0225546705821621,-0.102067118702909,0.141396199748474,-0.549357688736177,-0.201680275187589,0.456600689261454,0.807280177431927,0.0147354577674949,-1.11609678760602,-0.0158761695768403,1.14549082137732,0.941752855792835,1.43715303259752,-0.927833033288633,0.908093701959797
1.09427278228823,0.472572845504165,-1.33714703651432,-0.640581261717806,0.282319892314988,-0.609332117682757,0.354723194046471,-0.626865146277611,-0.115726570209166,-0.31270712172548,0.4138667699593,-1.87169972106307,0.164071423206365,0.772106042278675,-0.862508553725768,1.4620540901032,-0.436979671114439,-1.0405764270696,-0.602710307464081,-0.320569475743828,0.212475732477003,0.612910241792797,-0.818982453175228,2.90371421514829,-0.157830993035083,-2.10469355744957,0.640844218325402,0.0123623548577761,0.48111054577018,-2.04928169104221
-0.356704020280643,0.301213339977575,0.190561920892481,0.234026767236651,0.169808648540233,1.22914266263918,1.16280950395699,0.880242415716326,0.761643092710506,-1.1808041421053,-0.487685281106694,0.456500478307455,0.645024472478695,1.75276166566711,0.490034741968224,2.27150849673349,-0.734085832850648,0.976631267532738,-0.358463883354857,-0.0800516074373777,1.24529573249958,1.01187662758687,0.039279815975495,1.01727506492007,0.297052891312364,0.401802922760614,1.92464694974607,0.311082742010842,0.898302901129595,-1.20890060982831
-2.46907012252858,2.84771447168425,1.66024351503601,1.56881296578021,-0.833056950420954,-0.562008777287667,-0.614245517540309,-1.7652983797224,0.390234569306588,1.79400616800049,0.464475335201641,0.516810305371019,-1.08080102606983,-0.298094014030725,-0.584925585125394,-1.35886288483671,-0.659492969894513,-1.19924413425096,0.201621673332868,0.507079112200285,0.672746546755738,-0.425148397295207,-0.987283783886616,-0.4012739196656,-2.0661531065217,-0.552487445985329,-1.37902656574323,0.0951893914181089,-0.389710557009288,1.77967436495972
0.56728851751223,0.888887465803501,-0.0115867054879097,0.576275263543887,-0.868945345436937,-0.313257090982178,0.690290664977029,-1.29961199730039,-0.967363985633521,-0.27323220225812,-0.523959525093672,-0.821591766534322,0.546057346265172,-0.515107636829061,-0.136218406550749,-1.11128459275379,-0.978400755534217,-1.37784757738603,-1.35167003756932,0.959261660531632,0.491915494959786,-1.34002195265564,-0.132884564854924,0.219702267144005,0.78974654923771,-0.147452045524381,-0.801889503892719,0.775596121443399,1.11845954876065,-1.19707312039583
0.912925426821374,0.773500858308324,0.558363551760945,-0.535099218560112,0.350709349219463,-0.576302088492106,-0.388267247069708,0.555186632109392,0.356956226825647,1.36296403174471,-0.781993057613431,0.605337843423871,-0.472164003981814,1.25560973329687,-1.18593653733963,-2.60167966014437,-0.349228925509706,0.162100751213089,-0.870352010040075,-1.74848437674553,-0.20263505733685,1.70688486643902,-1.51250048987223,1.17692979871571,1.66830193083903,0.0631977614604181,0.290715126471055,-0.738328476949393,-0.408876817828845,-1.05453107928089
0.0956730485463632,0.140272289270888,-0.760439213408754,-0.0493554054986684,1.57409923661698,-0.1240903259015,-1.11062762545379,1.72895451596233,-1.24507511467141,-0.443916457015832,0.360403536840066,-1.9346448242755,-0.579397442124303,0.425012238310746,-1.60255584282686,0.376016611524885,-0.143616359694314,-0.313691971377557,0.868957431070165,-0.350490404572707,0.279610336367734,-1.44030056789882,-0.225099446639967,0.471839848541117,-1.73113649930254,1.00031873625258,0.611243881412783,0.343015165140813,0.526836678085237,-0.111984551921513
1.93420666880552,-0.71114983497567,-0.273871465310358,1.00113827933003,1.04390120512747,0.802889265727345,-0.603576941450311,-0.511363802218727,0.42946575506468,0.51898565035204,0.955080624439326,0.59361080441747,-0.549984478776222,-0.117441665603511,-1.13825280947353,-0.431599342830342,-1.60487751149287,-1.11540995337647,0.271093309810823,0.725738748125192,-0.223592488215117,-0.160968381821795,0.301748284582079,-1.00107041775088,-1.85437687008484,1.92738918361871,-0.12412177609549,-2.0060483988735,0.294092990308652,-0.17805856492933
0.282757006402937,1.05940570339313,-0.0394496595505386,0.302773673065403,-0.916176153477566,0.691493431993672,0.608755325250729,0.309215942990188,1.03080204341848,-0.0308633200586372,0.128186370010077,-1.61166896775389,0.201644901201854,-0.721208510319277,-0.86038999945547,0.20612204397911,-0.0115985663417574,0.189800511529011,0.654930384423705,-0.984670052673702,0.154905866350535,1.59133101927315,-1.26593344405083,-2.25137857421442,-0.513064118927205,-0.996833571216414,-0.459509700087569,0.904504609812896,-1.41784241747701,0.514186732908762
0.80143491928494,1.53674274036505,-1.01230762781278,-0.38480877704697,-2.03190997503078,0.2236313969221,-1.16288468235982,-0.527397915905226,-0.724150800916765,-0.0436850457148385,0.276860709388453,-0.209691349574311,-0.663948203289738,0.172985113153718,0.503922696322424,-2.21481511811852,0.0509786770959836,0.69617895599804,1.71682267659993,-0.4423580284914,0.24866870067858,-0.32262961789229,-0.538465629290653,-0.780000198278378,1.32556194177148,1.59311683716365,0.713934865226752,0.410886742332793,0.955748564841983,1.5930827832383
0.275639559887879,2.56437890823107,-0.830847585697373,-0.509425416898206,-0.731084014233761,0.0682170728517508,-0.498567356600744,-0.919469551298812,0.372162178349568,0.138865411675819,-0.621402368592561,1.3526769618457,-2.07475639255452,1.46067769649972,-0.845678797804017,0.420129661383897,-0.530909454410589,2.38735037725077,0.0369653228583936,-0.101343597738348,-0.138019528471868,0.293300907956356,-1.24309042891888,1.13791939651999,0.912633661519205,-0.744917814767096,0.721170701106658,-0.372398868055814,-1.60991458780596,-0.343538682666926
0.132774906260037,1.24041304329353,1.34987596532505,-0.294444076934079,0.38016066890174,-1.21348330309551,0.321373212282263,-0.347988324180477,-0.185377073323015,-1.29668267360043,-1.46146196400618,0.431808239479596,1.22278405859175,1.63367532561806,1.20194998352742,-0.310415972683296,0.0709541610365067,-0.850486311779618,-0.809614537091023,0.141280298723538,-1.44183220206909,0.411861241326862,-0.889494989375345,-2.07890508910853,0.0403625222224454,-0.852964601262249,0.0482539727553411,-2.37150837234994,0.407226340282147,1.27260030084708
-0.965219001376026,-0.654710507391541,1.35454434070087,0.159870585079392,1.87996336166467,-1.25516405089806,0.216491563690245,-0.568419416263063,1.95004046269856,1.23881457065049,-0.117157621462509,0.448782407667369,1.35783939519873,0.962353381922659,1.2337229757343,0.874322602866491,1.41535452753161,-1.47042095504034,0.618827809029414,-0.381798385872934,-0.48825987081776,0.484390744949289,-1.35237246706405,-0.663395331066049,0.844395855800103,0.526810159651276,-0.0433134777158728,-1.16734553603547,-0.547245655491227,0.172808684236705
-1.13707730134299,-0.153004371030708,0.0407307591854001,-0.918269592503176,-1.53790977571055,-0.207584248776618,0.172038966764103,-3.05945987758916,-0.357290838948521,-1.93196199192472,-0.598405379904365,0.176079822488484,1.6602047677233,-0.276127862748447,0.443228187899068,-2.47259881658229,-0.368985279934381,1.05570497730458,0.196760339487361,-1.28867435218075,-1.73673373116051,0.603427219459193,1.4721113215395,1.27983024151086,-1.34792555435957,2.52905950036761,-0.413728139761978,-0.472659682175369,-0.991790002041885,-0.552698430359394
-1.43811841981463,0.0550539426840245,-1.42834368837029,0.316459392102305,0.803881434455083,0.90251290327913,-0.872526573496324,1.498159328019,-1.24727775332347,1.56738412845162,1.31562168344878,0.472658111523572,0.977761345166153,-0.535340710191259,0.311974035286574,-2.99086040329976,-2.83057284410499,-0.0816547651339798,-0.303310864833557,0.352007117890492,0.795979871970678,0.0130360825546515,1.36922626900778,-0.619392300858601,-0.622827933025832,0.175781066330163,1.18210195987215,0.424993644968451,-0.845508634241493,1.26056940904698
-0.226094402049421,-1.26080354718971,-1.43517024480872,1.15815965286214,0.0922089245336461,1.91676603691373,0.25607991168793,-0.946197499107378,-0.578985936272443,-1.4042510837908,1.68496230441624,-0.0331282312977572,-2.19871066360334,-0.0082207745773052,-1.88390880992765,-0.300729605675636,-0.401101261528725,-0.766330712153225,-0.753236329226394,0.101121730021117,1.27004263333289,-0.856894550907024,-1.02695238954259,-1.70147310486689,1.04985526658424,-0.0162400219015766,2.44076221814382,-3.18686515564726,-1.04929151830242,-0.251973036081125
1.40883161500311,-0.613149629826535,0.874358002102875,0.586973801370595,0.199244699657715,-1.46108476233933,0.2963127460008,1.27913773663587,-1.52975764996319,1.42909918472728,-1.59379861918233,-0.235036066868646,-0.0813755562394378,-1.37425911599044,-0.277851687271576,-0.135927490478134,0.713653990352221,-0.891655540164527,-0.403512871699717,-1.33538953393478,-0.360138029315692,-0.402268577630845,1.10753746782217,-0.487408042001454,-1.60289946384336,0.637007460957918,0.872871319228245,0.829345301405843,1.36557474194226,0.121533273314732
-1.10145378577675,1.04120461104422,-1.20049470304873,-0.0370555963609031,-0.95132805090631,-0.416314637653462,-0.465190306353306,0.877019581572221,-0.195720299098955,-1.8541139339355,-0.175445478807015,0.195905916247235,-0.17487532681643,-0.351337075882557,-0.724261543002705,0.84814027922526,1.55134157105889,0.474226182423892,0.463002392760147,-0.188989813949848,0.181534443052925,-0.217095817803821,0.664340330904943,-1.5503035763064,0.513553900342487,-1.16642146948072,-0.114630939993673,0.979126979787036,1.11501519695095,-0.7122544667897
-0.376832025786545,-2.20091285271355,-0.489516565350247,-1.709869030806,1.92220890075121,-0.665129719267671,0.257163611822468,0.890461180778218,-0.739180970266791,0.566774108483691,1.25231312257582,0.389097798894885,-0.145036762713027,0.469486919109095,-1.51089361342179,1.69624834605444,-0.852705249385932,0.919271372079825,0.0410984138022264,0.468383845604184,0.543598561117562,-1.21454643135963,-0.886384013789655,0.352659860271218,-2.15554307293776,3.25180733100341,0.424964393988336,-0.253709803361759,1.89117105111413,-0.849458455216922
0.556649064095297,-1.3995366511241,-0.924743443228227,3.61367685060696,-0.911257529757061,0.557520199705662,1.64133370767268,-1.42513096547285,0.257622187654526,-0.025627933285645,-0.816145602626286,-0.954447541291584,-2.58253311382743,0.472822525206029,-0.271470772014764,-0.946506955127178,0.868440729162559,-0.0383127028093682,-0.825924623651484,0.165755093054224,-0.107848246946429,0.892189213275997,0.552458269041146,-0.71204816772802,0.626896946906511,0.498588002881593,0.911916832849296,-0.722610309094933,-0.0446638621085835,0.726346728102701
-1.57006205184538,-0.455956579944267,-0.120405211492347,-1.73924385351011,-1.92735116877053,-1.07810972193069,1.13851436924015,-0.130808412102481,-1.21896535641387,-0.887142259767483,0.314406202715111,1.21352921375303,-1.51098900917071,-0.07195822178458,0.413763355466239,0.100646308558297,-0.528693011962119,1.08328958225759,0.414391090868624,0.489623193204005,1.82757580635586,1.05789172127095,0.0565182360488496,-0.678929247339548,-1.18608882104396,1.69132689367737,0.351557156604681,-1.35338986482256,-0.12599406638051,-0.922471629581761
0.629608749762967,-1.0899752573223,-0.261237857511505,1.06451037131952,0.209214368763973,0.140675074859384,-0.892944007632724,-0.119610567549974,1.10719795407257,0.279946088026712,-1.48852982945184,0.040934173428492,-0.63505673960028,-0.38866761639398,1.13355072834325,1.89181685966459,1.36085296792001,0.411511821831308,-1.61151844703864,1.27447880246008,-0.0115442280937175,0.661075241652925,0.12084834430569,2.29361336344757,-2.34211039505011,2.0412933542585,-1.15388420652715,0.432450461398231,-0.508915546311826,0.210013948597646
0.517808429575153,1.41126520496314,-0.709271452053535,-0.625204106808264,-1.74112565755739,-0.460940991632224,0.543386495911045,-0.456497837942685,-0.0315096264013001,-0.00337938044835947,-0.277157792664815,0.643330792160546,0.950789071300085,-0.586708942493554,1.53709492343828,-1.32840522349338,-0.743230470256429,1.59685177060613,-1.11408432099122,-0.47717680045858,1.27330127177254,0.961351848235849,0.388911257121967,1.70356553261409,3.09045264535908,0.104815458601563,-2.37580962010595,1.73321898929254,-2.06002884570549,-0.136872151252768
-2.00479268068928,-1.16986755359374,-0.995948975632456,-0.200650187990259,0.305830605825511,-0.614643601644113,-1.52193809978544,-0.199971917916378,-0.969227594127438,0.137590185399891,-1.54647537299665,-0.416150831965861,-0.650851198807821,-0.304730408385446,0.270865959014367,0.757951391384959,0.55771455900438,-0.471378551148313,0.854408149256083,-0.280401637238462,0.360401365029727,1.46268948067148,0.842072141287755,-1.54834521784257,1.02043849705511,-0.843207812887164,0.597529141152699,-0.191325593837075,1.42819704399578,0.476165349546915
1.00587725191734,0.291071929187739,-1.59740816696501,-0.181121650812061,-2.03816635513495,0.292045418416269,0.251604590306547,-0.750224685523203,-0.29466495153381,0.456301429003954,0.533733477923425,0.284478522043366,-1.0040684992104,0.488683475338034,0.132926358653569,0.0107481743442013,0.563483258785129,0.461073192728698,-1.22202131541569,0.915637432299559,-0.191156468472348,0.729122578525992,0.346579333424561,-0.492176350572624,0.596106815789285,0.827323458582492,-1.69090602329444,1.26930949391651,-0.935296306485289,0.3937646844431
1.43594721499552,1.57085067662892,-0.959810189352059,0.212877989585951,-0.145147595297103,-0.54298823769017,-1.24383658557631,-0.682013512131107,-0.163552584982022,0.870936594917754,0.26469221583779,1.18895199295908,0.0665509292372946,0.146761122937157,0.847840739969219,0.478563064144634,-2.0348867205953,0.535312928112368,-1.53637116292124,-1.67115182335365,0.0605154962661421,0.634018723266384,0.389606533151656,-0.496711480447925,-0.287263573760937,1.45693158834466,0.835470485838284,0.107408994285829,-0.493090906324349,0.728220487173751
0.237397206406341,0.810087578885698,-0.754590543476772,1.17924523465307,-1.39959357903371,-0.128936215484384,-0.526231031483923,-0.411558139392852,0.302027512905904,1.02051032211874,1.31784705703152,-0.275817997223174,-1.10462221978146,-0.0742930644024102,0.0406934351918291,-0.617371931535377,-0.29110556594775,-0.340268279764878,0.79596216872245,-0.407136261047369,0.109101130455408,-0.84218255533803,1.26291461399226,-1.05735702076925,0.331379681031569,1.06777273439388,1.01849745062101,-0.102423962383528,1.712888161381,-1.40950708631373
-0.323342726035995,-1.34010174819779,-0.653244832193153,-0.614470844065418,0.341739361770434,-0.595478700909973,0.078439191688428,1.13406374115387,0.649730521288711,0.216987877166887,-0.695213914452133,-0.639014121819397,0.876130723174613,-0.137799732086504,-0.0437105508650191,-1.73360039333113,0.0867703585878889,-1.24296120169076,-0.239280089021529,-0.159725753200002,0.703465288880562,-1.07251197514286,0.660680321047503,-0.860818097557824,-0.474548425827537,-0.366599081828625,1.5551321743446,0.349746002783289,1.11810305859506,1.64773540311173
0.0315020267345697,-0.0789398041511407,-0.126376826620614,0.942342665407446,-0.324901003360622,0.0143828653862935,-0.988021415191294,-0.275936357212444,0.63476275679604,0.487143890026251,1.70209600035953,-0.236614595742263,-0.194963655993032,-1.80009172198055,0.547196244651759,-0.342576063201027,0.857817235358968,0.694126899954131,0.962623161113181,0.00360574398004694,0.36112200650288,0.856620470750502,-2.07157285368868,-1.17409669070908,-0.263158401439884,-0.548520672389143,-0.477876437178701,-0.38443132693221,0.515536153842332,-0.846491494300759
0.908665843969111,1.25616495058791,-0.0109793901680136,-0.843741054882126,0.0703534031866875,0.279210214645204,1.01958186589124,-0.433183226125984,-0.253993619847364,-0.420630417339395,0.452111137966617,-0.3895038778844,-0.427585367103134,0.568146128630782,-0.607714993556297,0.134587280854633,-0.594551444190061,-1.05380312670614,-2.04355393114343,-0.00307842193566453,-0.126753198915313,-0.939598805376431,-0.924178709740447,-2.99497275970268,1.1174881280123,-0.949604317151363,0.374529374334727,0.0882735912660297,0.40429801853289,-1.11942906941836
0.815603832025544,-0.609135623328722,-0.359176979597229,0.119592859516782,0.443721726167357,-1.19514265188093,1.65656587130713,0.491260702044371,-0.549630945669185,-0.237737927738066,1.39896033191167,-0.477630371745067,-0.541296005036171,0.0186310979188083,0.221400108880493,2.27082307617323,-0.819478240600118,-2.3367045776092,-0.326090491780436,-0.765986928524174,-1.47190841414225,-0.012330207189841,1.38394406892301,0.679583231721839,-0.0023437288291956,0.488318093080215,0.40620573497934,0.371563311294626,0.427791832716394,0.279453727035223
1.08145611192048,-2.07973349898147,-1.59743923289082,0.0142862101485357,-0.0613766431528538,0.276742860309307,0.811041420390231,-0.786252722263691,0.598390407804917,-3.34570567481626,-1.58859697897021,-1.46419039437315,0.402693486044087,0.184964220951838,1.10650515007673,-0.0686496663779924,-0.394451115836728,-0.765789019180048,0.218649117124713,0.248664428751356,0.21258260743684,0.823343623930079,0.556110513121243,0.568889174992267,-0.200977777573944,0.714673956771744,0.108060283957179,-1.18950818152753,-0.239767489220186,1.38552436535271
-0.580954286253339,0.264213784972449,1.29910718162892,-1.56294889551632,0.0485693826561384,-0.622637418654837,-0.954101472095863,-0.549895168031971,0.424134344700657,-1.49767357633623,-0.402067491165017,0.203384977747393,-0.565472820772492,-1.1697693508197,-0.224448743855388,-1.49537360457107,0.434543177241363,0.206828143192762,-0.461779468677916,-1.66469949302065,0.195697498282944,-0.213185475992292,-0.0138153575207524,-0.560909430332612,-0.606324275861726,0.814990986982152,0.27628627291951,-1.30067094989668,-0.582238823472446,-0.941392209694492
-0.437149327098721,-0.179196075654935,0.304728933507618,-0.949908784876575,-0.656204110914278,0.398911560420199,0.100617434683446,-0.411485808227209,-0.144155510541408,-0.630267507159957,0.109052646423243,0.015426587520798,0.421732559744238,0.714923784014836,-2.61313101555243,-0.697626033317772,-1.24608350880498,2.04641853835588,1.8746045466049,0.97860430858046,0.0833324090218031,0.520941367349804,0.248369208646766,2.14206913005598,-0.0453066775185884,-1.93878507398973,0.348742396601559,2.36619809507961,0.785770701597185,-0.270315329313621
-0.285829356993503,0.0864654019897317,-0.450907508755408,-0.491764939406855,-0.703405806594968,-1.09635201135703,0.441311159579483,-0.920178622396351,0.709774836113047,1.31689800407137,0.435490234256587,-0.772600719603427,-1.31909588207133,-1.22815696681656,0.61974987396011,-2.16566557191361,-0.19136052321806,1.13878094518471,0.274652916111613,0.429602421482803,-0.0375781108913661,0.977970206927809,1.20482618581792,-0.606683506648181,1.19615091576273,-0.350644278368549,-0.853924810307426,-0.160925695193727,0.434181369161601,0.620647174141339
0.22325018228773,0.196937660849583,3.04458155697415,1.67535220414131,-1.16783522914505,-1.53440501116373,0.148536687553792,-0.00297235230854376,-1.08797541513204,-1.3741722269257,1.04710726264218,1.60567644235067,-0.170764635613618,-1.08156499032301,-0.688578522882686,0.50460914201769,0.153586713628993,-1.52661644861796,-0.572906766075683,0.196443494623997,-0.11353007942709,-0.625767482858931,-1.66293163170535,-0.565888871039204,0.885115045656851,0.81059904736428,1.34241599777598,-0.39309509305161,-0.148113481769517,-1.19007575374661
0.0866881193566343,0.30091732999922,-1.92169330156445,0.734974107009678,0.432888369041834,0.737786789153693,-0.537068281057862,-0.61640142955545,-0.490408981516181,-0.898918102020828,0.211611120231246,-0.148439340670868,-0.331167764833428,0.620931227908993,-0.316086803742792,0.531855273853926,0.683122915155856,2.48334493219265,0.799488533464317,1.19833359477441,-2.06989558602034,-0.856357584268941,-0.0230576651999405,-2.54121971992802,-1.30573834205968,-0.225409170750587,-1.3626381913907,-0.706410660933315,1.86974461376492,-0.376474605911354
1.78289234631054,1.52409398533382,0.444167566660851,-1.55478764020855,-1.62300022441656,-1.22523665883246,-0.617180216610153,0.405383445600793,-0.627413907410464,0.119060495004371,-1.19440799484682,0.558843463081938,-1.25296370549613,-0.987287604277998,-0.438707151995457,-0.840053885943992,0.337516641419116,-0.840596282580881,0.953399078537885,-0.193472531228276,1.29281327870378,1.12150325098713,-0.224024189591614,-0.877873536977932,0.396519139305965,-2.63212102175586,0.136862845509104,-0.722335616339434,-0.601768617671874,-1.15568031161506
0.361675839309031,-0.240683251763659,1.05438905877359,-0.192690121066879,-0.076264916297391,-0.915706000648235,-1.12952272257189,-1.01003419641544,0.283897161254,0.105105707794868,0.0131213457218402,-2.6529364469653,1.32588171283445,-0.231386942039124,-1.43029698930953,-0.491778758995154,0.363889257527436,-0.211606072795949,0.322407273954095,-0.799446483508908,0.473582458823828,0.190222199676168,0.296132751935551,1.58501184635718,-0.92375523337295,-0.291065375794895,-0.311923856652634,0.447933017326152,-1.11351249309148,0.37333369784412
-0.00735622323548527,-1.14083586207128,-0.771185163933137,1.93092529807106,-0.306351413301847,0.554087612139381,0.888042618634919,1.00734190352297,-1.52284063264126,0.976436761218451,0.789083818620579,1.02346353948257,-0.919123440423773,0.111937209721695,-0.776788206994467,-0.263961792302877,0.0650259918549504,-2.2521468474929,0.403574004509561,1.60866781837565,-1.98642715175011,0.824547838834593,-0.638848590026721,0.440271152682688,1.26781587175909,0.308110837162001,0.174698163991364,0.0965592805229148,-0.150541744030007,0.400131567172869
-0.500235286924733,0.68289620626881,1.58026719340335,1.06652098242595,0.128870316717142,0.0603006691309017,-0.0370389709526365,-1.38810326022315,-0.147522521671029,0.784883200575101,-0.090213160889058,0.406368015463582,0.000965326056579709,-0.609343140969541,1.27881872374568,0.708834204443242,-0.39419198773759,-0.399355684829046,-1.47661605376799,0.757293006864274,0.142413455789344,-0.608823616904477,-1.55937433093871,-0.999083612301428,0.499465255188887,-0.449938413191593,0.0709671647770014,-1.15009936760139,1.95354705924519,-1.02125628745392
-0.346927775316751,-0.394945602713081,-0.373158833203,0.132809225722536,1.57116903188648,-1.73274352483858,-0.621885912686471,-0.939839442732529,-1.15628623786139,-1.13824584883743,-0.882696949672709,0.359199786363395,-0.946875069423499,0.0106174514737894,-0.330682322687849,0.259290457814295,0.4292780745929,0.00136160671284063,0.140881326522973,1.75938231996577,-0.764628086181159,-1.38791633190224,1.89989934577597,-0.350685829562308,-0.750940761056605,1.3155482912712,-0.415889437887514,0.124470810223621,-0.614301111137911,-0.666416580991764
1.40038361875094,-1.17736711475875,-1.62015866604155,0.515017142582339,-1.30707751955028,-0.518853194912942,0.77193728022749,0.261824050999336,0.452104963063333,-0.0878609856902841,-1.3468696050753,0.335111873813266,0.47471674128746,-0.81616076321289,-0.170651953192138,-0.779434652984588,-1.8774886638069,-0.45990110048254,0.228617719986593,-0.224917283210206,-2.53655484481914,0.175167809270534,-1.16043485856498,0.107543090400943,-0.920324923446735,0.576481636691519,-1.61914129233977,-0.970901105907188,0.195729190473276,0.17692383811899
-1.71768926755497,-0.299806407982606,1.57266592186956,-0.668919493347447,-1.03712766772351,-0.697737692079217,-0.545492262621289,-1.07678068687763,1.78891656009338,0.816218062290657,-1.22281068056811,0.636279994855875,0.0126732797557455,0.234470542743669,-0.944108029158302,-0.219134880332268,-1.73823027170855,-0.751156335884846,-0.098017399256865,0.182891584358533,-1.98835524824036,0.334629408487862,0.415188028181245,0.899122759791464,-0.472941120518625,0.947158999743349,-0.123172880696687,0.0785295489473775,0.582277529994633,-0.105121844668236
-0.237931086286445,-1.24708131630343,0.769302850675869,-1.70509258142496,-0.517371919607699,-0.675106633058491,-0.485077156507119,-1.9004823451873,-0.708180388983233,-0.189610522364357,0.531567142733186,-0.151690593089977,0.0612924901789257,-1.28333936556745,-0.404499590442617,0.610671926448227,-0.142464672738754,-1.67882797602103,0.789513247251711,-1.1023645071326,-0.291943521485645,-0.0672726132700724,-1.10602300321054,-0.00620587263543866,0.215712511215322,-0.520069152140724,1.0796028096848,0.613494960570093,1.12713249650004,-1.09211371461607
0.497455180312109,-0.0691472763923219,-1.71459583079286,-0.143304046960687,-0.535720818558274,-0.279163499615134,0.1686856902115,-1.61366782210946,-0.70031964811719,-0.256394537060307,0.0249091375748594,0.292403925145643,-1.57893907455282,0.717118794552155,-1.56697612835477,-0.0389610071885321,0.70614772627729,-1.16923300985656,-0.636031556301374,0.946810501379608,0.745487447755885,-0.391054337623993,1.04137763492129,-1.31196563248513,0.738677725248224,0.163676894453131,0.364176040647979,-0.52518222488643,-0.787914695901154,-0.92073099899222
-0.178411426246054,-1.69169156621629,0.230859804535522,-0.0400467891394575,-0.285037182989309,-1.00063339865526,0.407524587968614,0.283323071107595,0.359416016059948,-0.101510261257195,0.385792279991181,1.00158188461548,0.239197207532011,1.01311895378857,-1.13426666344104,0.437384356828196,-0.31775076338515,0.220439160865433,0.801340207214251,0.555743132893421,-0.367485370794654,1.36749022373907,-0.0182272423265838,-0.304629945710383,-1.58369792329509,-0.286887940266787,1.10230596419436,2.78354078997003,-0.834411953406901,-1.57507883233941
0.32691227023496,0.0308116538969565,-0.655730384402422,-1.56301298903202,-2.67477379813774,-0.294189560802143,-0.334655903854847,-0.193174563357407,-0.197211575257751,0.396445238282846,-0.257783803783118,0.389405748416859,0.712136169994693,1.58504808508579,-0.0369923444531786,-0.00417297749856558,0.528969539269495,0.0559510601947937,0.724649324185684,-0.649078121610221,0.228148797196299,-0.426481056805193,0.109838604295554,-0.341800112566636,-0.2799705105993,-1.65134903030963,0.38428813596896,-1.62059981400508,-1.42523105711584,-0.389607011429675
-2.33814851498002,-0.0524845817821821,0.553747000338397,0.0159927488076961,1.60447507428894,-0.596214553206951,0.34736847312539,-1.16862414785187,-1.26138164105844,0.0623528722820164,1.34653433147556,-2.1136033734225,-0.0908941808345755,-1.6221449339884,-0.00343450805732039,1.57391389072033,0.148388913760233,-0.543879778275483,-2.25596819968695,0.847746125747236,1.32037030403101,1.14945774707215,-0.436517226726011,-0.364095571402504,-1.15418025475679,0.527898732187176,0.349423168549093,-1.00385243905163,1.02924346015651,-0.707167281040421
1.17639985330518,-0.329334326550914,-0.592561229403305,0.958032806341441,-0.427623171389818,-2.41478678852395,-1.17943788460373,0.542424998535329,-0.878723285363101,0.263448778524921,-0.909086253456562,-2.29349520153555,-1.53938394741641,-1.17515473306547,-0.873654095024138,-0.666868551808518,-1.85099028609976,-1.01704845648232,0.452849523924961,-0.783806351847209,0.776043173580286,-0.622814340249782,-0.356888849713805,-0.895681470290136,1.90081957792823,0.0776360407908175,-1.85188487586902,1.40657780039686,-1.32614323097826,-0.648141931367446
-1.43853167388648,1.0551877421812,1.32759224697424,-1.21763927948806,0.733981462821405,0.303553396998968,0.332667474111129,-0.624909767570299,2.16401578917302,-1.12392042982804,-0.328275640388548,0.600037911871132,0.887503652929169,0.930822552066476,-1.29504956028829,-0.0709681248917336,-0.320798641494008,-1.75389348560217,-1.30411703941153,-1.16713998028552,-0.31507425892226,-0.270577511011134,0.404512102793043,-0.334889553001506,0.249911728128826,-0.215075380413553,-0.622319326075291,-0.374768077719042,-0.394253157847819,-1.00723441625326
-0.522140202445169,0.28664331305283,-2.1680660232731,0.322057481651568,-0.550504989995156,-1.00512734272092,0.387470635694816,-1.64393359449998,2.16373704843347,-0.838520165504669,-0.468747769546102,-0.844864643589067,0.558558655950534,2.05161821587719,1.94824034029899,-0.694546128891846,-1.94271351947977,-1.06640641893731,0.601443392944629,1.09444169675998,0.108975927929488,1.03691104697342,0.382852089363543,-1.5565369549466,-2.01856112291416,0.0384884948624583,1.2771582665845,0.653244311065213,0.382134994523975,0.264992697130448
-1.02568528094012,0.979465578852026,-0.788361002852171,-1.69791635300086,-0.357984837159279,-0.871127677260224,-1.25263897464744,-0.851306410335041,-1.19630739160468,0.86702296341383,1.34093099542053,0.413536090493654,1.27281232099535,-1.73327347645304,0.0786207568480808,-1.17094724462646,1.29441787505372,0.248369690047763,-1.29149463060129,-2.83360313559694,-0.832917441762014,1.01791440865187,-0.967068626156403,-1.44147657675153,0.655656968472921,0.493166850548117,-0.88806639952397,0.117373819923946,1.15939198530729,-0.953475103855102
-1.12324051363703,-1.23083507854518,0.201846577753836,-2.47070901982994,0.49084418622896,-1.12428521639009,1.37879104423757,-1.33368220291803,-0.3113640702889,1.22458968108522,-1.05083699963392,-1.25902949766837,0.317095000305089,-1.80214658770631,1.66918896611858,-0.850869447959468,-0.923754077638758,-0.447058809281478,-0.0125350842010923,0.810672870928653,-0.123795546552081,1.32765600118139,-1.19331204787137,-1.22531573218131,-0.376048298036012,-2.14623940811357,-2.33706322241314,-1.17387420665799,0.646500783731285,1.41350844891938
-1.50147412519065,1.4470312603468,0.522120027125126,-0.0996081959092757,0.992113754946401,0.474793004375848,-0.993039339760825,-1.41128755639172,0.0812541685007798,-0.378324874828661,-0.749471838225985,1.57930554582715,-1.41737611397529,-0.617595127546367,-1.25774695121114,0.897787951509411,1.16906348770379,0.821058197877758,-1.06498821640694,0.282016822287994,0.30303246236814,-0.190919444994809,0.749639788298573,-1.56911875515935,-0.375868117373385,0.0461954296763412,0.0249710970472587,0.371833726014736,-0.37034374405343,1.89139744073278
-2.40495640265112,-0.988963737731028,1.64491667785042,-1.41509627704828,0.0395570139412881,2.62618939597204,0.910086437913395,0.677242574312809,0.337744041198184,-1.73554384451996,-1.51706287139371,0.367119728969168,0.257543539180794,-0.83088429095745,0.942044832437361,0.379016483941068,0.119498883296467,-1.64590116810938,0.164826882649089,1.80898195560445,0.859322284049439,0.486543496346683,1.08380323709152,-0.562166503263448,-0.990284022099812,1.4318837398609,-0.917117394193333,-0.439576072500348,-0.253432025766567,-0.252709320946856
1.12944078795915,0.00954616790002255,0.580167997144737,1.67094991084834,2.63919999705233,0.584511862555989,-0.0502135641938737,0.0661919936656871,0.473188231775897,0.310733578345353,0.714393549889009,-0.111966457667314,0.824132864611088,0.92818294539501,1.28619952528638,1.32837351416381,-0.106541266880631,0.653030435629334,-1.84706404467557,-0.771294353460668,-0.0800706779520027,0.219959598780825,-0.126861981980918,-0.515136220233494,0.0499119672105037,1.68032167715418,2.14134976788137,1.04415232901482,-0.34821401675468,0.251881356191917
-0.499826693872716,0.529052711221355,0.821456741593195,-0.586556337830981,1.3159706530136,-1.30579784932981,-1.6747935974764,-0.627167033449225,-1.41974999756159,-0.293544592631065,0.458977320352404,-0.941245808662322,0.722928086321147,0.88393626379774,1.3673459191114,-1.10726109996821,0.880168722208075,-0.0355771042592229,1.94438984579783,-0.286850170650074,0.724750516399582,0.357480932879222,0.298577486590864,-0.0188381912855381,0.350173236407759,-1.84708114800518,-1.29923019559222,-1.34068677649829,-0.534205356132662,1.06719598643552
-1.47558257994282,-0.128882620724606,-0.645508491814572,-1.33634888482712,0.00937906244077597,-0.313657733551731,-1.74011902527449,-2.39829123473476,-0.822606117873035,0.24405239576498,0.313507978463384,-0.729219691297794,-1.092056753966,-2.73541049460961,0.583099188454008,0.835380669242838,-0.81680086096893,0.716236498548157,-1.62657274729089,-0.986643298807989,-1.07363832294475,0.12129492052389,-0.780905793634229,-0.907475786285304,1.99137706502234,1.02945311527903,0.950271219570996,-1.02684692648867,-0.98143631789034,-0.365761316005997
0.875914066717929,0.201669626292194,0.365680421009017,0.287593649872082,-0.00942446391361937,0.134121665729008,-0.426817069459107,-0.52272687208828,-0.583626497906631,1.35090464060842,-0.720138104821071,1.04015327492111,-0.265263514796447,0.804613778641342,-1.43486588543982,-0.244764980941783,0.447045790789039,1.15227929696503,-1.00519581289352,-0.448746113980553,0.15426355972462,2.0141177268324,-0.397796705334267,0.803000447493176,0.646362242013417,-0.110789692599148,-0.863108475120482,-1.4320797756565,-0.810212336397404,-0.355620497117008
-2.43770109229301,0.62571714517423,-0.379827739200668,0.321089613643457,0.314478082571673,0.406129605508446,-0.236526283944271,-0.320937061423079,0.239613715896415,1.5129818429221,-0.371711506037667,0.233448330746545,-0.528313730197352,-0.522313927214596,-0.213897866858215,-0.767496539827009,-0.545071747000479,0.166203859773352,0.465308027477327,-0.325507106757666,0.832218061204476,-0.412963942909333,0.600824611956993,-0.875333346452691,-0.259746598070244,0.787821475671997,-0.993194859112094,0.583809153535792,1.03693269903167,-0.410726673481691
1.26100879847301,0.22286332823451,0.776109789449428,-1.72405534458203,0.0239826788985722,1.30803051974352,1.04252861091091,0.302372927719291,0.422440960017734,-0.0127758210868336,-0.628648306470711,-0.666295975737972,0.864614349848245,1.0180579590456,0.329611785276018,-1.71830624363557,0.197226501286669,0.491772532490733,0.109338445929983,-0.68099971752409,1.11249047174114,-0.606907998853476,0.170976206889489,1.31172781777399,0.885714937429417,-0.623740381651914,-0.022162806055725,1.19624151392188,1.8280716018581,0.709027155657077
0.044244123312941,0.470060278906756,-0.580038097836012,1.1536867419184,2.09688419050314,0.491847607449282,-0.473967777316026,-1.62797619134848,-0.764178116616629,-0.338731236980213,-1.97263575276976,0.384920558561495,-0.94335877950688,0.313014060193471,0.164545508674558,1.05998564173105,-0.332057354141452,0.742231547782325,0.62823822073096,1.12250404063008,0.157683608306764,-1.56978098760702,-0.965041302710745,0.313467777191076,0.909097808774137,-0.951421121549106,-1.92838905705999,-0.71169375355778,-2.52276532278024,-0.634094547317532
-0.564067447156776,0.442652487104189,1.18487533713681,-0.86870186471455,0.0210452284191114,-0.752011362105551,-0.0552894024594374,0.241782746545197,-1.15809446485747,1.18053857323555,1.04497914887484,-1.30428975517304,-0.501574216590365,-2.43299189681799,0.299064704145398,1.27846172850553,0.616852686894252,0.77515355030502,-0.093156457738792,0.128576649915266,-0.839772620593169,-0.841670582721657,0.321489803637322,0.515395135993324,-0.354871706780811,-1.00045261106611,1.33282580544613,-0.0451807481874442,1.07881156748884,-0.794084640819037
0.711621107472216,-0.855878704558982,-0.775370071012744,0.0820343297276444,-1.95198550107072,-0.639648501343482,1.106644235817,-1.94281223942151,1.15844563072791,-0.387407878914806,0.846449489973533,-1.31138515934555,-1.22250530246747,-0.964221233447989,-0.456329239586768,0.23953087257419,-0.799118583327108,-0.397695878762695,-0.461017077619725,0.133203697971143,0.543320276785601,1.54333602893844,-0.327472748964461,0.311855471242402,-0.819000706835815,0.504767623463034,0.995948514687312,-0.191736327858736,-0.293649675284904,-1.21175284522879
0.183072016373806,1.40150079357064,-1.58162579795031,-0.694522244888208,-2.21576741146284,-2.10361935587638,-0.815621487398798,-0.247313933367847,0.716170129065192,0.172267693898284,-1.09234279968551,-0.573358190974512,-0.495624165541026,0.0689942359758015,-1.60399015168913,1.24764282989544,-0.277333478972778,-1.71155256791942,1.07648361118329,1.48730873633928,-2.21826604164141,-2.06615755374259,0.702551140348505,0.142135710739505,-2.52492953388431,-1.12496817513279,-0.574674223364647,-0.189084986022366,0.0478805641186983,0.360886253551242
-0.922551797171463,0.520395387107183,-0.689418006859761,-1.56970537245477,1.04680364284666,0.760319795577477,0.987132400806655,0.061756498912379,-0.570435455296324,1.01491033129304,1.02973484488681,-0.851781784816184,1.00652711722371,-0.410640009720529,-0.803468759689207,0.8340525226395,-0.753255647558311,-1.56042103051765,0.519641553170167,0.147508678173807,-0.364756803595738,1.85833419322778,-0.507100581658704,0.291715490295045,0.963995196674899,0.601075117577883,-0.152248434952217,-0.195369147628198,0.0732745735449923,3.08091592068537
-0.927664450401914,-0.798787719592121,-0.564845621750163,2.26383997901972,1.26307358574751,0.914242967654247,-0.0675730714285265,-0.52985905140599,0.88774370659699,0.44323916140943,0.00477313255310045,-0.753772118216814,-0.306983135257906,-0.691176754504952,-0.178701832862493,0.475138710902052,1.154210070137,0.486331207068452,0.380814707971376,1.32752287684585,0.213517729904206,-1.7100836229042,0.555964467793166,1.67357912595387,0.652623319667182,-1.27893680838318,1.12352749400784,0.231643546278712,1.00606424035154,-1.64957751633163
-1.2913094089478,-0.635398578658623,1.06840049498667,1.80413019194423,-0.616722629036403,0.235076293618301,-0.437456846185893,0.681312484439996,2.01620493384394,0.82208941149875,2.02161197686836,-1.69480960109406,-0.0519862039960309,-1.58548982060718,-1.90610685018092,1.81295549879613,0.4584026570237,1.21054801924036,0.75136003011448,0.976272472971034,-1.27091927800462,-0.90197800832838,-0.247610599980155,0.124761958543507,0.803783424699934,0.874965135968619,-0.862026701133238,-0.147135844209922,2.04819016405621,2.34068590518009
0.891328890870441,-0.258051993649722,1.37018538484108,-0.163742540367861,0.941852261380971,-0.846445105514854,-0.209319310145446,2.37621853223503,1.46501900671939,1.30157229631941,0.122351290421117,-1.77678164365504,0.270120466850014,-0.862485351499956,-1.63723288434951,0.105821360925066,-2.150906170133,-0.300059377743673,-0.466872832337123,0.165058219893406,-0.0388092552717468,-2.6687428333738,-0.40222565403476,-1.17549800215386,-1.4543814589281,0.61327831129615,1.50207471468214,0.866032145216685,0.698827376562419,-0.217099368146136
0.286100350933735,0.421487544443553,-0.730796142540122,-0.447010319184989,0.868235691382872,0.429744809399243,0.705951368775749,-1.60205601353673,0.307402295244957,0.181034266075858,-0.818491326503028,2.06460081313148,0.562521059328239,-0.194493514149456,1.57772135807141,-1.61002329061741,1.70681241830777,-0.903843419348252,0.228373613400406,-0.204715975265833,-0.880621229705119,-0.828665838615653,0.104060331233666,-1.33549404108185,-0.504400469748615,-1.41785258383493,-0.556085446163346,-0.117344916494574,-0.179317061274285,0.585270138732899
0.176938131940305,-1.16030541860361,0.552290943825997,0.251311635274636,-0.983508828825405,-0.0572316368982826,-0.363651358052977,-1.54137068172077,0.254664686519168,0.705450871228109,0.356439821686179,-1.1087819165067,-0.11598393257333,0.118197745648921,0.635001961263483,1.54937016284811,2.0338148480741,1.36162483589848,-0.708894792390372,-1.63680934462741,0.371312832929824,1.08597637065274,0.948346489327896,-1.28864029315048,-0.657552631690532,-0.0443031533949036,0.452691867760621,-1.86589889717831,-0.17778866160512,-0.663386123720168
0.296329375737529,0.416160532003322,1.01969744940026,-0.306586775827519,0.0335323625927425,0.734306708408509,-0.173528073830092,-0.934917248294967,-1.77453895633847,-1.08236811674944,1.36358050462528,0.279591138693237,0.362077776970367,0.670135275587039,0.675077491818862,-0.82456672604109,0.0573985820238805,-1.36104662869399,-0.914890945949922,-1.45292801707592,-2.90542542490836,-0.160212511086371,-1.03681401933903,0.408473089663237,-1.98535005608324,0.375889483549739,0.568399601208459,-0.178937748039095,-1.20177324756919,-0.686585053532605
-1.27671142456846,1.1387406388835,-1.69888680756453,-1.97690190877203,-2.64699728286706,0.67893621294144,-1.02587510987449,0.116446935387474,-0.282109267371596,-0.499389071784251,0.583014648722406,0.734291371723842,-1.20981175862771,-0.145327290242869,0.978889573128345,-0.243990222616942,-0.203079067301259,-1.31069153204491,-0.163508497559093,1.48541340328551,-0.805905568668768,0.299218026844931,-0.442719547290621,1.44904210845571,-1.50368178770469,-0.407750850842219,-1.09575279652333,1.9673755626332,-0.112683254852551,-0.965912424310762
-2.01311131179614,-1.65106816691381,1.27718116038612,0.481945943607994,-0.290318485043608,0.0789516362417505,-0.270558396707879,-0.629895446184056,1.01599502597343,-2.36518624723697,1.02408169453525,-0.85805323144791,-3.49808095606176,-0.792493008119163,0.276703077603768,1.04827159589102,0.23275236037477,-0.226650666783533,-2.68336348286326,-1.6301924001614,0.280848628307671,-1.19735700006705,-0.93091356938587,-0.00378090721687414,-0.0317298193305315,0.29570369679146,1.04945400894076,-2.15413528935396,-0.825569840222172,-0.0748333788760865
0.685039419407085,-0.173378031220468,0.545084120348404,0.132805277349007,2.25211744141312,1.19582771914512,-0.671094149491034,-2.28176038822903,0.598171853581191,0.414401624209398,-0.292042116022675,-0.627486410868139,0.641871638920685,1.36314038614458,-0.0862494351073028,0.498297197724528,1.81175339798282,1.19983026745341,0.496416151635049,-0.316904102700662,-0.668915524924907,-3.24590563095453,0.170902123007396,-0.442245607013793,-0.625661962734792,1.06998658247905,-1.05935955718756,1.06372474503015,1.45166756209587,0.307462723760949
-0.330127096171148,0.168776364545463,-1.82949274128029,-1.18271396994094,1.58203113727208,-0.452572907032218,1.39067731613953,-1.85719818820978,-0.523890678148385,-1.17554987557003,-0.063026034456474,-1.23682869535396,-0.134588593791509,-0.177274458074367,1.02278627317606,1.12771776584122,1.01846320565179,0.27927030952431,-0.501871157106428,1.8647556311581,0.0145653488600486,-0.315973343925883,1.17478841312996,-0.206365345235603,1.01761604374755,1.10226769255457,-0.431548412582038,1.97298820589741,-0.00635311610397319,1.27129551738191
0.0381386749197878,0.959081580555281,1.29836539527679,0.111616405425737,1.0635370422745,1.60269317401047,-1.04403516963526,-1.65251706469319,0.68994098216815,-0.628669410616562,-0.569377023989302,-0.114161071178533,-0.623473383481249,-0.848086500750917,0.29651755012691,0.476680939780844,-1.07768106482583,-0.203471915314916,0.453726264421126,0.569009028318759,1.16267513128513,2.0697263562913,-0.82142698705367,-1.89402536001751,1.76523169386284,1.04356528027627,1.00494223312305,0.394164264772974,0.465763144565951,-0.372347774599934
0.256599340853607,-0.593414368770735,0.705760599179696,0.158827691339635,-0.206081263308574,-1.56898590782573,-1.44145944265418,1.70341483624204,-0.621009702827547,-2.8118461267367,-0.00426260617388011,0.0596268011821392,0.172110353358783,-0.777076576499536,1.23594240208277,0.431415911598651,0.940824106065604,0.305182028496364,-0.13587569019617,-0.400733247899571,0.381945440121761,0.0265374290734564,0.722016964449196,-1.16444509805649,0.703184681779463,-0.38118146910725,-1.46316639481835,0.404200582153297,-0.460355223941861,-0.735140796781721
-1.55937419389154,-0.137396451109207,-0.696672770678722,-0.705277395688881,-0.515371466881016,-0.279307872423414,-0.18134909993069,1.46758837632597,0.496306023841609,0.89728185854571,1.97580757177298,-0.612842715995132,-1.02731263839558,-1.0336376637689,0.486275216066251,0.812380191560763,-0.155330028794127,-0.939555590566964,-0.430868699370322,-0.182236423037532,-0.143245826085114,-1.31984349589432,-0.0454311883400522,-1.72778703862874,0.782525766547241,-0.820593634908267,-1.62166122036026,-1.30743692543722,-0.112771783666263,1.3200135493972
-1.72012382445659,-0.0948834862030938,0.162211790969998,1.37292070156123,0.843354331917628,1.76040405762268,-0.410200108920115,-0.147608273622265,1.10670864891895,0.673287286127747,-0.716597803287739,-0.552903963760869,-0.0626440959878283,1.96172208939515,0.488479588709618,-1.45771234396024,-0.900797022018597,-1.13431715879755,-1.16599464185848,-0.85564751184976,0.057394590365582,0.191055667827208,0.287285897576091,-0.554920328123042,-0.881409038113408,-0.479776190573806,-0.520874435870221,-1.07898314012127,0.753052865231804,-0.356651159336175
0.532546953194724,-1.13048292838182,-0.388046567358357,-1.43832829930688,0.00511081300247202,-0.268603518632886,0.359154680540868,-1.02283317169602,-0.491043255334484,-0.300879450954968,0.77699348553198,0.133708431855909,-0.832617241797229,0.730162096953748,-1.66509818050351,-1.36444465883273,-1.53759347678317,0.573676374348355,0.466460014222795,-2.29283417678377,-2.34772847118391,0.152969034755369,-0.72394099482006,1.74717293924929,-0.537479818073013,-0.0466790466035287,-0.708232175908622,1.50745416383362,1.21326800256246,-0.527053275766122
-1.80255602999858,0.256917291176586,-1.67720670208743,0.61152745615,0.735953648449717,-0.673376392246983,-0.818279380815257,0.892447095400372,-0.262396011819663,0.00451168197817458,1.7502704599375,0.255828069868544,-0.333332391402869,-1.39703765947667,0.869274025326464,-1.56345362046513,-0.136014064557772,-0.726242955279172,-0.780870561444099,0.283263735078281,0.425868604270108,-1.69717963865555,0.301759005579308,-1.78671396008351,0.14133663573904,1.73031471906669,-0.485485759938711,-0.343638763573836,-1.03591866545031,1.7143864368836
0.84739450945707,-1.4865414775813,-1.08613571823196,1.40115627549683,0.901515582269413,0.111284417253569,2.14545283913836,-0.064376256847142,0.432540529886537,0.378007592800523,-0.397425131762455,1.95688776554464,-2.12600813662089,-1.41167999128665,1.19340251766129,-0.499715726016632,-0.635269598757085,1.46839654519844,-1.91842641039283,-0.928182668558474,1.27598149102522,-0.78790997930596,-1.15644466511932,-2.42948468641349,-1.06229420970188,0.440044205619684,-0.935291124176986,0.125529225637861,-0.808633246700818,0.277216050082517
0.639635215969114,-1.47360945538869,0.427640987687457,-0.248110099492045,0.623025621073686,-0.484885680683394,0.294899484474361,0.456511610574368,-2.03701701282119,0.0751896116215831,0.674516638429865,0.209820286061285,-0.819150582360823,1.25637967712761,0.0934414443915714,1.85764037557306,0.0475019542459219,-0.206777201375851,-0.512083917687263,-0.992323563565618,0.483408696902511,-0.732135209093218,-0.953431860795049,-0.105368433319181,0.316427149841504,0.707971903749344,0.241926315445461,-0.948530420484852,0.988317231973791,0.741912000491361
-0.435035855525055,0.417649624112918,0.033476352724671,-2.22656656294193,-0.79292394384285,0.240220830389305,0.769305529476265,-1.13293719097203,1.34638834867341,-0.23221811451195,0.521310670734269,1.05572885262936,0.493825549302856,0.331276657549693,-0.849885076647627,0.51120969283099,1.37753078656025,1.00963819874111,-0.453153182837453,0.728549932763539,-0.290812141138262,1.16052469201288,-0.260137903405977,-0.980290352137718,-1.24977725862255,0.422995222217409,-0.266860957141622,0.743279767858235,0.365618465419262,0.943995727022857
-0.0976638372125688,-1.53676364354788,1.94955886135271,0.24367471463881,0.907470504811355,1.11612947583094,-0.290674918535718,1.44083458899462,0.789295579260988,1.58624986264513,-0.825577825315383,-0.966696646359507,0.0885009593156402,1.48702598680709,-1.21870988604808,0.28660780555363,-0.987673072586863,0.260444946533872,-0.64262978521521,0.942328049771048,-0.528951255828641,1.88758056237878,0.209531771026544,-0.231003420588465,-1.63869859935309,0.645101022052719,1.05669116290509,1.01520353683059,0.359950178992587,0.149856709159142
-1.18392897872831,-1.93939159076541,0.150716901212242,-0.142904235800774,1.0164412718777,0.147547862833493,-0.0642220237453252,0.670180954326476,-0.81922630505067,0.527624453226517,-0.0577888207251706,0.405968053509411,0.510791491869488,0.593216136163776,-0.0215417003332251,-1.80038750347426,-0.364658288224485,-0.0813934148939282,-1.26756615413501,0.324797551862384,-0.43904762077526,-0.747260707584788,-0.975303137870728,0.809975868992241,1.79255954040533,0.133809049212117,0.400653587043147,-0.314796308458504,1.07853885246487,0.197812955623928
1.19017330620794,-1.8501825307319,0.782623811785591,-1.07251798427199,0.191944425194849,-1.23644035514259,0.308617522460206,0.0286941379974725,1.41644393627637,-0.160032622103192,0.982883227308373,0.219655040894441,0.233226308530801,1.01085903514865,0.965919127270977,-1.21793115922874,1.07249161661692,0.693702376001634,-1.39048525439712,-1.35933002577898,1.90630684893568,-0.196786802120662,1.32417938050694,1.48966153887784,0.777553522631425,-0.333257553098853,-0.0607859702715358,-2.02734089756958,-1.0173119082796,-1.38024248729182
0.57983836627443,1.25018530499626,1.43998260181446,-0.569312139571021,0.738972061783395,-1.01307742622843,0.013864372235434,-0.642943334330643,-0.0819348704137584,0.706820541654951,-1.21135766493317,0.640194163503717,-0.226653642600519,1.89970932424173,-1.97618897597057,-0.887266281151601,1.81577957940622,0.251474618862072,-0.0257557982886771,-1.28511029170477,0.66015091514675,0.403920304437377,-0.736937237326064,-0.554145750741777,1.94544196898112,-0.0794028573624516,-0.146526185373464,1.11628517401279,0.25983229037581,-1.49649998781627
0.104804814678495,0.172628931924387,0.0427077625125725,-0.899034702032342,0.0145308616754915,-1.44089927098537,0.524353487706659,0.160647154130378,0.306651289204152,0.592558159238341,-0.287117914084379,-0.396860638830922,0.908328846115948,-1.50265994169769,-0.780826724204943,0.353476480073172,0.816522957662696,1.04780894074311,0.179469639157136,-0.39134364367539,-0.701541959052581,1.33911914611605,0.00793548731540492,-0.317166773561245,1.65038389203575,-0.262988451890672,0.195542430859369,0.844278551480365,0.474780659155297,-0.424629233669807
-0.16297564379623,0.707712041590565,-1.46403824715299,0.574327891224909,0.837119581416163,-0.318679182283022,0.734259404456845,1.14433184447459,0.93632454059083,0.533174896681029,-0.245412433019161,-0.271780726199963,-0.774118608609595,0.665548675465541,0.505266580582041,1.1554626214801,-1.14223093312528,-1.6516407452213,0.172921770768122,-1.09101752799522,0.637823704055174,1.48919106469168,0.0971381914520567,-1.97306063062745,0.283241725970306,-0.1449228029233,1.0476947544067,0.718205927709488,-1.17866753578002,0.187833164435269
0.90347355542433,0.259725482348518,-1.01309030510708,-0.71871956153771,-1.2424382822573,0.670771717255371,-0.338114243286372,-0.399265447773151,-1.7338375337723,0.633216142618704,0.25743043310166,-0.254190328760606,-0.229144083730909,-1.70512714436793,-0.687036068384253,-0.147679172603781,-0.0706505139879594,-1.47450721184527,-0.809844295119156,0.501353435495395,-0.34244448853525,0.103756812293373,-0.299084352629394,-0.833871775915541,-0.306516010556298,2.48586990519155,-0.111561466574203,-0.438638971109923,-1.09562798502553,0.396540137420202
-1.2239635455203,0.125600678549962,1.35786340683795,-0.0320389694626788,0.69630471272179,-0.424112961601155,1.40981035525562,1.1119918617072,-0.067651682637802,0.531015016038508,-1.30580231633518,0.118829621038047,0.545174928107827,0.358760495877623,-0.282507017780839,-1.56664556969519,-0.768375484893606,-0.101357675664939,-0.5903196087691,0.70043602493127,-0.392920638321894,-0.558480167055105,0.257021509729498,-1.36693394160764,-1.06165735133483,0.00736881431222421,-0.153473743863994,-0.702918848072024,-0.21729357470036,0.406409401206544
-0.580006736420299,0.461983567575073,-0.609656215156323,-0.458275632237821,-1.95417488526209,0.455897264184385,1.39735599054564,-0.32507941098426,0.210603659167864,-0.480023671822553,-0.774258149716342,-0.380851765731738,0.261793247480627,-1.34363889451583,0.304153186203637,-0.373203780587666,0.0378578506651868,0.18463903584312,-0.235961768962198,0.327199581489428,0.301785193030269,0.520969094547933,1.17617456114729,0.470839479405873,-0.0311502860121705,-1.5622206000692,1.77229955871679,-1.81296947558993,0.20976259840572,-0.067023476525996
1.45487822384492,-0.563733582080494,0.242049261388185,1.19542226331062,2.82893955310699,0.0324026699444341,-0.364432142546381,-1.49331846775519,0.447089961790321,1.19620296894236,0.635116482313109,0.458818201220304,1.69943042435104,0.739307885631422,2.06205828465639,0.592592100722744,-0.502629282688359,-0.372539441526112,1.34552068050026,0.0557069356909783,0.300673512432469,0.751723719433079,1.95278315219037,-0.590056128384162,0.164087266080117,0.717109212126993,0.598762628785273,0.19607456674964,-0.00688873910145685,0.703377306299242
-0.61950812180392,-0.728354514916368,1.60379813636382,1.86864945596169,-0.0174803693303549,-1.7952414615687,-2.65189756394092,1.1224400815674,0.912548571574406,2.46670646178454,-1.72411513379708,-0.339326968139793,0.137947915639581,0.499718588468601,-0.930377433122645,0.0118952925385235,0.2347129425412,-2.15510257448207,-2.07388505584271,-0.0587256069371046,2.5520732421975,-1.48084130825211,-1.62906039048174,-0.860350648000557,-1.69120289145931,-1.49936594175618,-0.38336052255633,0.237563998396652,-0.309110630590733,0.485807480098463
0.710591538631119,-1.19848094177482,-0.347457494158603,2.16802371247724,-0.115691530021482,0.638072378859037,0.949712904061041,0.122105495292139,1.51504751293171,-1.26967673178543,0.251929216771857,-1.804895745931,1.5928236478697,-0.12793294391698,-1.35681625932176,1.66418054668235,1.01058876451404,0.121500870089762,-0.373746809492376,1.71590097606199,-1.67360803573325,0.0471152033251033,0.795167731839026,-1.96450096677075,-1.68780682172397,0.197318307631682,-0.464889593461457,-0.840974375629656,1.081838657083,1.28021030342232
0.0163057950827568,0.646549955463335,-0.647801787021837,-0.404423184984463,-0.014198766388916,0.177755755728001,0.873459778695478,2.46468862338957,-0.660158417708067,1.61831165161426,0.813645872790089,1.78037459723645,0.881699816566175,-0.602522048218049,1.99990652812387,0.288522137349932,0.215849684342574,-0.903074124294449,-0.856425401186454,-2.00641463382622,0.041127036932639,0.927921833323852,-0.710581359352655,0.515135313384829,-0.770123823120505,-0.783894914372435,-1.06344108202198,0.152283647056704,-1.42694150601296,1.53727746059695
0.917251882721651,1.25946626726886,0.556804699276779,-0.96931842716505,-0.245846067333562,-0.112366737269732,-0.502628935362658,0.236026057925455,1.22546381066393,-0.022957846387509,0.295961402805359,0.788672644046264,-2.51050730534471,0.169468295813431,-0.532679411010211,-0.829432042133244,0.668458330958415,1.67680718082265,1.5680556855833,-0.888994807095736,0.56203406223032,1.10277601134945,0.0471608821746148,-0.854721771349006,0.485911059144815,1.04187977787274,2.20301893349168,0.798745245940543,0.352464858066903,0.772775238671555
