1
7
0
1
1
0
34
1
0
0
4
0
4
1
0
0
2
0
1
2
0
0
0
0
1
0
4
0
0
0
0
0
2
4
0
2
2
0
49
5
0
0
2
0
0
1
1
0
4
0
1
1
0
2
3
0
1
10
14
1
0
1
7
0
0
5
0
12
2
0
7
1
26
3
0
0
30
0
8
5
6
0
2
26
0
1
0
1
0
0
0
2
23
1
0
0
1
8
1
0
0
1
2
1
10
0
0
12
0
11
0
1
322
18
0
0
0
0
1
8
0
39
3
11
0
238
5
25
0
2
0
2
2
2
0
0
0
0
0
0
8
0
0
32
0
6
1
18
0
0
1
10
19
0
3
0
1
8
0
0
45
0
1
0
0
4
0
0
1
0
1
52
0
9
10
0
0
2
1
0
1
0
0
1
9
1
2
1
0
0
39
1
0
1
0
48
0
0
7
0
0
3
0
1
53
1
0
8
3
0
1
0
1
1
1
0
0
1
32
150
8
23
1
0
105
2
12
0
56
99
1
6
0
0
0
2
0
51
0
2
0
0
6
6
1
14
24
1
0
3
0
25
1
2
4
1
0
2
14
12
0
0
89
0
7
3
4
0
4
0
246
40
1
0
1
0
2
7
0
2
0
8
0
0
0
0
0
0
8
17
0
1
0
6
1
0
3
16
0
0
0
2
7
1
0
5
0
0
0
1
39
5
4
0
0
24
4
14
0
0
2
0
3
8
0
0
2
3
18
1
1
2
1
0
2
0
1
2
32
4
0
0
0
2
13
0
1
0
2
4
1
0
2
3
0
4
6
0
0
0
1
0
11
0
0
2
1
24
3
0
62
7
395
3
1
8
0
1
16
0
4
1
0
48
5
3
1
8
2
0
5
4
2
3
0
1
0
0
0
2
0
0
0
2
0
3
0
0
34
1
0
1
0
3
9
0
0
0
0
0
0
0
0
3
5
1
0
3
3
2
1
0
0
1
55
0
0
23
3
3
0
0
2
0
1
1
47
0
0
0
5
1
0
0
1
0
0
1
2
2
0
0
0
0
0
4
1
0
2
0
0
0
1
0
0
0
0
0
2
0
2
0
0
6
1
1
4
16
20
0
1
1
0
3
2
0
3
6
2
0
