-1.27488603195869
1.84342510323916
0.45923631556268
0.564040738165436
1.87296325806198
0.527531732089232
2.43465886785111
-0.8945961209746
-0.205938391661497
3.11011884885933
-4.17985553158222
1.70014573437721
2.71341896402807
3.04202767290004
0.522335380794531
3.58310767942288
-4.17317882541808
-1.68427179854291
5.3033149973319
-1.26400794502879
1.73517012878565
-3.48075844161381
6.26592288459783
-2.56676475884914
-0.912013830684209
-0.751006785729847
-3.66883533372402
-4.00079987880449
1.44023624442189
-2.06202897560819
-2.89308765136922
3.12567428240168
5.53217677193772
-1.7407953012728
5.45280503066267
1.84751668115537
-1.27558298485892
-1.06731436359299
-1.73760513546829
2.89056286364724
5.01498857928119
4.44293906975649
-1.68041773622904
2.4295159218935
3.38612723427831
4.70594554439949
-2.81310139695326
5.24274318040352
-2.79509181046727
2.94334792656806
4.029735182272
4.78821270596234
-0.104873704923682
-3.37382560163273
0.833041405563335
3.16275310128282
2.76915437657991
3.24969089146869
5.38435576611305
-3.01579713203092
0.962725207944861
1.71212835244446
-1.74059882606484
4.21613429450899
-0.448859761238955
3.93492646058891
1.27463240360548
0.279513889137621
-0.0811827839685548
1.46993802668759
0.351257459221261
5.89639515900785
1.3728698587127
-2.1561879216987
-0.67755588651167
1.93778117572862
1.13990744134656
-1.98512729697249
2.50814660131822
6.11767177283067
-1.36087870217716
1.4944802149898
0.22007889586201
3.34452839738744
-1.51870398140463
0.706354768439591
1.8930040986949
-1.19202558000887
2.11070841782041
2.48075147379848
-4.74435304094856
-2.12334157814763
-1.38994117005565
-3.96469665629743
1.20492092634377
-6.8574850361641
-3.01411434442159
-3.21329756529944
4.50173294472998
-3.31892875672626
